0 0
0.0001 0.00039633
0.0002 0.000799463
0.0003 0.00118488
0.0004 0.00159136
0.0005 0.00200343
0.0006 0.00238606
0.0007 0.00279326
0.0008 0.00319572
0.0009 0.00358222
0.001 0.00398796
0.0011 0.00438748
0.0012 0.0047821
0.0013 0.00518421
0.0014 0.00557068
0.0015 0.0059842
0.0016 0.00634766
0.0017 0.0067747
0.0018 0.00721949
0.0019 0.00762745
0.002 0.00798831
0.0021 0.00834372
0.0022 0.00873186
0.0023 0.00914618
0.0024 0.00952224
0.0025 0.00993976
0.0026 0.0103332
0.0027 0.010775
0.0028 0.0112197
0.0029 0.0116475
0.003 0.012082
0.0031 0.0124511
0.0032 0.0128294
0.0033 0.0131781
0.0034 0.0135154
0.0035 0.0139044
0.0036 0.014244
0.0037 0.0146468
0.0038 0.0150856
0.0039 0.0154495
0.004 0.0159348
0.0041 0.0163315
0.0042 0.0166958
0.0043 0.0170433
0.0044 0.0174351
0.0045 0.0177777
0.0046 0.0181681
0.0047 0.0185419
0.0048 0.0189389
0.0049 0.0193581
0.005 0.0198149
0.0051 0.0201763
0.0052 0.0205277
0.0053 0.0210015
0.0054 0.0213077
0.0055 0.0217085
0.0056 0.0221331
0.0057 0.0225414
0.0058 0.0229596
0.0059 0.0233166
0.006 0.0237414
0.0061 0.0241071
0.0062 0.0245819
0.0063 0.0249619
0.0064 0.0252708
0.0065 0.0256732
0.0066 0.0260578
0.0067 0.0264448
0.0068 0.0268443
0.0069 0.0272223
0.007 0.0275971
0.0071 0.0280342
0.0072 0.0284883
0.0073 0.0288809
0.0074 0.0292628
0.0075 0.0295371
0.0076 0.0299613
0.0077 0.0303421
0.0078 0.0307108
0.0079 0.0311605
0.008 0.0315968
0.0081 0.032009
0.0082 0.0324021
0.0083 0.0327908
0.0084 0.0332325
0.0085 0.033605
0.0086 0.0340089
0.0087 0.0344038
0.0088 0.0348449
0.0089 0.0352541
0.009 0.0356616
0.0091 0.0360506
0.0092 0.0364234
0.0093 0.0368011
0.0094 0.037182
0.0095 0.0375348
0.0096 0.0380117
0.0097 0.0383649
0.0098 0.0386401
0.0099 0.0389657
0.01 0.0394229
0.0101 0.0397521
0.0102 0.0401289
0.0103 0.0405594
0.0104 0.0409259
0.0105 0.0413325
0.0106 0.0418433
0.0107 0.0422559
0.0108 0.0426987
0.0109 0.0431771
0.011 0.0436112
0.0111 0.0441555
0.0112 0.0445795
0.0113 0.0449398
0.0114 0.0452886
0.0115 0.0455896
0.0116 0.0461196
0.0117 0.046517
0.0118 0.0469293
0.0119 0.0473729
0.012 0.0477741
0.0121 0.0481457
0.0122 0.0486437
0.0123 0.0491173
0.0124 0.0494443
0.0125 0.0497585
0.0126 0.0501382
0.0127 0.0504745
0.0128 0.0508152
0.0129 0.0511914
0.013 0.0517187
0.0131 0.0521415
0.0132 0.0523845
0.0133 0.05292
0.0134 0.0534212
0.0135 0.0539121
0.0136 0.0544265
0.0137 0.0548283
0.0138 0.0552079
0.0139 0.0555764
0.014 0.0559624
0.0141 0.0563131
0.0142 0.0567554
0.0143 0.0571687
0.0144 0.0576442
0.0145 0.0581038
0.0146 0.0583386
0.0147 0.058685
0.0148 0.0591137
0.0149 0.0593975
0.015 0.0598164
0.0151 0.0600217
0.0152 0.0604233
0.0153 0.0608038
0.0154 0.0611741
0.0155 0.0615987
0.0156 0.061966
0.0157 0.0623166
0.0158 0.0626992
0.0159 0.0630682
0.016 0.063419
0.0161 0.0638538
0.0162 0.0642496
0.0163 0.064623
0.0164 0.0650097
0.0165 0.0653354
0.0166 0.0658418
0.0167 0.0662804
0.0168 0.0667655
0.0169 0.0671713
0.017 0.0675075
0.0171 0.0678314
0.0172 0.0682835
0.0173 0.068682
0.0174 0.0690218
0.0175 0.0694615
0.0176 0.0697744
0.0177 0.0701425
0.0178 0.0705715
0.0179 0.0709662
0.018 0.0714857
0.0181 0.0718229
0.0182 0.0722266
0.0183 0.0726624
0.0184 0.0730121
0.0185 0.0734012
0.0186 0.0738558
0.0187 0.0742114
0.0188 0.0745636
0.0189 0.0750463
0.019 0.0756149
0.0191 0.0760698
0.0192 0.0764169
0.0193 0.07668
0.0194 0.0771744
0.0195 0.0775582
0.0196 0.0777756
0.0197 0.0781982
0.0198 0.0785618
0.0199 0.0790405
0.02 0.0794876
0.0201 0.0798098
0.0202 0.08023
0.0203 0.0807467
0.0204 0.0811432
0.0205 0.0815796
0.0206 0.081958
0.0207 0.0824382
0.0208 0.0828882
0.0209 0.083315
0.021 0.083715
0.0211 0.0841875
0.0212 0.0846113
0.0213 0.0849778
0.0214 0.0854006
0.0215 0.0857693
0.0216 0.0862021
0.0217 0.0863823
0.0218 0.0869686
0.0219 0.0872532
0.022 0.0877094
0.0221 0.0881675
0.0222 0.0885028
0.0223 0.0887498
0.0224 0.0889499
0.0225 0.0894111
0.0226 0.0897614
0.0227 0.0899698
0.0228 0.0902808
0.0229 0.0906384
0.023 0.0910681
0.0231 0.0915324
0.0232 0.0919339
0.0233 0.0923754
0.0234 0.092715
0.0235 0.0929512
0.0236 0.0933257
0.0237 0.0938876
0.0238 0.0942429
0.0239 0.094652
0.024 0.0950625
0.0241 0.095486
0.0242 0.0958748
0.0243 0.0963609
0.0244 0.0968043
0.0245 0.0971918
0.0246 0.0975803
0.0247 0.0979057
0.0248 0.0981786
0.0249 0.0986087
0.025 0.0990392
0.0251 0.0994998
0.0252 0.0997563
0.0253 0.100272
0.0254 0.100597
0.0255 0.101031
0.0256 0.101291
0.0257 0.101814
0.0258 0.102197
0.0259 0.10252
0.026 0.102971
0.0261 0.103357
0.0262 0.103502
0.0263 0.103913
0.0264 0.104318
0.0265 0.104574
0.0266 0.104982
0.0267 0.105361
0.0268 0.105614
0.0269 0.10592
0.027 0.106229
0.0271 0.106782
0.0272 0.107182
0.0273 0.107623
0.0274 0.108158
0.0275 0.108511
0.0276 0.108992
0.0277 0.109379
0.0278 0.109663
0.0279 0.110041
0.028 0.110362
0.0281 0.110645
0.0282 0.111083
0.0283 0.111562
0.0284 0.111895
0.0285 0.112435
0.0286 0.112776
0.0287 0.113228
0.0288 0.113527
0.0289 0.11387
0.029 0.114179
0.0291 0.114518
0.0292 0.114981
0.0293 0.11531
0.0294 0.115697
0.0295 0.11614
0.0296 0.11646
0.0297 0.11687
0.0298 0.117362
0.0299 0.117646
0.03 0.118163
0.0301 0.118466
0.0302 0.118991
0.0303 0.11925
0.0304 0.119592
0.0305 0.120047
0.0306 0.120447
0.0307 0.120983
0.0308 0.121324
0.0309 0.121895
0.031 0.122167
0.0311 0.122364
0.0312 0.122643
0.0313 0.123081
0.0314 0.123594
0.0315 0.124079
0.0316 0.124488
0.0317 0.124894
0.0318 0.125361
0.0319 0.12569
0.032 0.126004
0.0321 0.126502
0.0322 0.126908
0.0323 0.127306
0.0324 0.127627
0.0325 0.127999
0.0326 0.128463
0.0327 0.128992
0.0328 0.129494
0.0329 0.129935
0.033 0.130183
0.0331 0.130728
0.0332 0.131064
0.0333 0.13136
0.0334 0.131718
0.0335 0.131943
0.0336 0.132213
0.0337 0.132584
0.0338 0.132915
0.0339 0.133268
0.034 0.133601
0.0341 0.133812
0.0342 0.134042
0.0343 0.1344
0.0344 0.134738
0.0345 0.135044
0.0346 0.135474
0.0347 0.135758
0.0348 0.136118
0.0349 0.136484
0.035 0.136897
0.0351 0.137255
0.0352 0.137729
0.0353 0.137988
0.0354 0.138178
0.0355 0.138418
0.0356 0.138692
0.0357 0.139016
0.0358 0.139473
0.0359 0.139785
0.036 0.140206
0.0361 0.140489
0.0362 0.140863
0.0363 0.14115
0.0364 0.141395
0.0365 0.141641
0.0366 0.141869
0.0367 0.14214
0.0368 0.142407
0.0369 0.142609
0.037 0.142857
0.0371 0.143306
0.0372 0.143709
0.0373 0.14405
0.0374 0.144372
0.0375 0.144777
0.0376 0.145158
0.0377 0.14553
0.0378 0.145861
0.0379 0.146186
0.038 0.146623
0.0381 0.14695
0.0382 0.147347
0.0383 0.147834
0.0384 0.148119
0.0385 0.148512
0.0386 0.148888
0.0387 0.149173
0.0388 0.149384
0.0389 0.149628
0.039 0.149971
0.0391 0.150463
0.0392 0.150887
0.0393 0.151181
0.0394 0.151543
0.0395 0.151992
0.0396 0.152285
0.0397 0.152576
0.0398 0.152888
0.0399 0.153376
0.04 0.153534
0.0401 0.153928
0.0402 0.154295
0.0403 0.154514
0.0404 0.154668
0.0405 0.15491
0.0406 0.155199
0.0407 0.155612
0.0408 0.155933
0.0409 0.156305
0.041 0.156604
0.0411 0.156828
0.0412 0.157209
0.0413 0.157576
0.0414 0.158007
0.0415 0.15828
0.0416 0.158897
0.0417 0.159261
0.0418 0.159472
0.0419 0.159835
0.042 0.160113
0.0421 0.160377
0.0422 0.160712
0.0423 0.161258
0.0424 0.161345
0.0425 0.161849
0.0426 0.162262
0.0427 0.162602
0.0428 0.163005
0.0429 0.16324
0.043 0.16377
0.0431 0.164029
0.0432 0.164453
0.0433 0.164669
0.0434 0.165092
0.0435 0.165324
0.0436 0.16572
0.0437 0.166007
0.0438 0.166219
0.0439 0.166816
0.044 0.167269
0.0441 0.167738
0.0442 0.168088
0.0443 0.168342
0.0444 0.168844
0.0445 0.169211
0.0446 0.169547
0.0447 0.169971
0.0448 0.17028
0.0449 0.170484
0.045 0.170928
0.0451 0.171242
0.0452 0.171573
0.0453 0.171902
0.0454 0.172427
0.0455 0.17266
0.0456 0.172798
0.0457 0.173349
0.0458 0.173657
0.0459 0.173888
0.046 0.174109
0.0461 0.174357
0.0462 0.174735
0.0463 0.175047
0.0464 0.175543
0.0465 0.17576
0.0466 0.176002
0.0467 0.176421
0.0468 0.176775
0.0469 0.177124
0.047 0.17735
0.0471 0.177723
0.0472 0.17811
0.0473 0.178555
0.0474 0.178744
0.0475 0.179236
0.0476 0.179395
0.0477 0.179972
0.0478 0.180319
0.0479 0.180699
0.048 0.181019
0.0481 0.181467
0.0482 0.181733
0.0483 0.181995
0.0484 0.182429
0.0485 0.182885
0.0486 0.182847
0.0487 0.183279
0.0488 0.183389
0.0489 0.183645
0.049 0.183871
0.0491 0.184444
0.0492 0.184784
0.0493 0.185264
0.0494 0.185768
0.0495 0.186047
0.0496 0.186321
0.0497 0.186692
0.0498 0.186974
0.0499 0.187387
0.05 0.18774
0.0501 0.187959
0.0502 0.188228
0.0503 0.188683
0.0504 0.188973
0.0505 0.189462
0.0506 0.189871
0.0507 0.190037
0.0508 0.190282
0.0509 0.190765
0.051 0.190922
0.0511 0.191337
0.0512 0.191773
0.0513 0.192173
0.0514 0.192428
0.0515 0.192866
0.0516 0.193053
0.0517 0.193343
0.0518 0.193747
0.0519 0.1939
0.052 0.194054
0.0521 0.194425
0.0522 0.194509
0.0523 0.194423
0.0524 0.194684
0.0525 0.194993
0.0526 0.195485
0.0527 0.195849
0.0528 0.196295
0.0529 0.196562
0.053 0.196832
0.0531 0.1971
0.0532 0.197455
0.0533 0.197811
0.0534 0.19804
0.0535 0.198478
0.0536 0.198777
0.0537 0.199229
0.0538 0.199361
0.0539 0.199526
0.054 0.200178
0.0541 0.200426
0.0542 0.200833
0.0543 0.201294
0.0544 0.201476
0.0545 0.201735
0.0546 0.201947
0.0547 0.202144
0.0548 0.202665
0.0549 0.20274
0.055 0.202982
0.0551 0.20321
0.0552 0.203461
0.0553 0.203757
0.0554 0.204145
0.0555 0.204348
0.0556 0.20453
0.0557 0.205124
0.0558 0.205309
0.0559 0.205483
0.056 0.205835
0.0561 0.206223
0.0562 0.20661
0.0563 0.207256
0.0564 0.207516
0.0565 0.207816
0.0566 0.208011
0.0567 0.208216
0.0568 0.208748
0.0569 0.209058
0.057 0.209219
0.0571 0.209423
0.0572 0.209828
0.0573 0.210102
0.0574 0.210732
0.0575 0.211152
0.0576 0.211604
0.0577 0.211726
0.0578 0.212244
0.0579 0.212435
0.058 0.21252
0.0581 0.212931
0.0582 0.213046
0.0583 0.21341
0.0584 0.213718
0.0585 0.21407
0.0586 0.214524
0.0587 0.21468
0.0588 0.21493
0.0589 0.215204
0.059 0.215512
0.0591 0.21563
0.0592 0.215951
0.0593 0.216357
0.0594 0.216805
0.0595 0.217058
0.0596 0.217365
0.0597 0.217756
0.0598 0.217918
0.0599 0.218314
0.06 0.218648
0.0601 0.218796
0.0602 0.219234
0.0603 0.219407
0.0604 0.219539
0.0605 0.219722
0.0606 0.220115
0.0607 0.220375
0.0608 0.220685
0.0609 0.220962
0.061 0.221206
0.0611 0.221437
0.0612 0.221678
0.0613 0.221962
0.0614 0.222392
0.0615 0.222781
0.0616 0.222898
0.0617 0.22328
0.0618 0.223639
0.0619 0.224027
0.062 0.224331
0.0621 0.224527
0.0622 0.224808
0.0623 0.225184
0.0624 0.225788
0.0625 0.2262
0.0626 0.22618
0.0627 0.226536
0.0628 0.226903
0.0629 0.22717
0.063 0.227536
0.0631 0.227623
0.0632 0.228029
0.0633 0.227977
0.0634 0.228221
0.0635 0.228443
0.0636 0.228727
0.0637 0.229195
0.0638 0.229669
0.0639 0.229698
0.064 0.229959
0.0641 0.230295
0.0642 0.230776
0.0643 0.231258
0.0644 0.23151
0.0645 0.231744
0.0646 0.232232
0.0647 0.232529
0.0648 0.232869
0.0649 0.233237
0.065 0.233639
0.0651 0.234001
0.0652 0.234105
0.0653 0.234464
0.0654 0.234712
0.0655 0.235074
0.0656 0.235332
0.0657 0.235592
0.0658 0.235797
0.0659 0.235915
0.066 0.236209
0.0661 0.236599
0.0662 0.236732
0.0663 0.236846
0.0664 0.237083
0.0665 0.23748
0.0666 0.237864
0.0667 0.238175
0.0668 0.238311
0.0669 0.238853
0.067 0.238993
0.0671 0.239251
0.0672 0.239416
0.0673 0.23963
0.0674 0.240042
0.0675 0.240299
0.0676 0.240682
0.0677 0.241032
0.0678 0.241224
0.0679 0.241545
0.068 0.242136
0.0681 0.242368
0.0682 0.242759
0.0683 0.243108
0.0684 0.243634
0.0685 0.243899
0.0686 0.243983
0.0687 0.24437
0.0688 0.244684
0.0689 0.245008
0.069 0.245583
0.0691 0.245818
0.0692 0.24611
0.0693 0.246402
0.0694 0.246882
0.0695 0.247007
0.0696 0.247373
0.0697 0.247724
0.0698 0.248095
0.0699 0.248612
0.07 0.248915
0.0701 0.249296
0.0702 0.249983
0.0703 0.250298
0.0704 0.250657
0.0705 0.250891
0.0706 0.251487
0.0707 0.251871
0.0708 0.252428
0.0709 0.252808
0.071 0.253214
0.0711 0.253669
0.0712 0.253835
0.0713 0.254293
0.0714 0.254634
0.0715 0.25508
0.0716 0.25524
0.0717 0.255438
0.0718 0.255893
0.0719 0.25599
0.072 0.256229
0.0721 0.256526
0.0722 0.256954
0.0723 0.257619
0.0724 0.25815
0.0725 0.258267
0.0726 0.258434
0.0727 0.25911
0.0728 0.259257
0.0729 0.259564
0.073 0.259722
0.0731 0.260344
0.0732 0.260654
0.0733 0.260942
0.0734 0.261034
0.0735 0.261129
0.0736 0.261712
0.0737 0.261903
0.0738 0.262085
0.0739 0.262602
0.074 0.262865
0.0741 0.262986
0.0742 0.263287
0.0743 0.263653
0.0744 0.264054
0.0745 0.264371
0.0746 0.264676
0.0747 0.264983
0.0748 0.265229
0.0749 0.265501
0.075 0.265756
0.0751 0.266291
0.0752 0.266626
0.0753 0.267021
0.0754 0.267352
0.0755 0.267599
0.0756 0.267759
0.0757 0.268072
0.0758 0.268491
0.0759 0.268825
0.076 0.269408
0.0761 0.269787
0.0762 0.270212
0.0763 0.270469
0.0764 0.270623
0.0765 0.270884
0.0766 0.271212
0.0767 0.271809
0.0768 0.272118
0.0769 0.272448
0.077 0.272678
0.0771 0.273005
0.0772 0.273432
0.0773 0.273629
0.0774 0.274023
0.0775 0.274332
0.0776 0.274654
0.0777 0.27495
0.0778 0.27516
0.0779 0.27547
0.078 0.275734
0.0781 0.275982
0.0782 0.276296
0.0783 0.276534
0.0784 0.276854
0.0785 0.277219
0.0786 0.277426
0.0787 0.278065
0.0788 0.278182
0.0789 0.27861
0.079 0.279054
0.0791 0.279424
0.0792 0.279688
0.0793 0.280196
0.0794 0.280643
0.0795 0.280982
0.0796 0.281176
0.0797 0.281554
0.0798 0.281895
0.0799 0.282406
0.08 0.28275
0.0801 0.282978
0.0802 0.283136
0.0803 0.283535
0.0804 0.283828
0.0805 0.284266
0.0806 0.284549
0.0807 0.284939
0.0808 0.28533
0.0809 0.28556
0.081 0.285825
0.0811 0.286196
0.0812 0.286815
0.0813 0.287008
0.0814 0.287524
0.0815 0.287627
0.0816 0.287857
0.0817 0.288313
0.0818 0.288609
0.0819 0.28892
0.082 0.28917
0.0821 0.289521
0.0822 0.289992
0.0823 0.290539
0.0824 0.290723
0.0825 0.290982
0.0826 0.291127
0.0827 0.291474
0.0828 0.291738
0.0829 0.292038
0.083 0.292305
0.0831 0.292482
0.0832 0.292728
0.0833 0.293061
0.0834 0.293398
0.0835 0.293938
0.0836 0.29429
0.0837 0.294701
0.0838 0.295179
0.0839 0.295546
0.084 0.296184
0.0841 0.296529
0.0842 0.297041
0.0843 0.297457
0.0844 0.297515
0.0845 0.297766
0.0846 0.298248
0.0847 0.298597
0.0848 0.29899
0.0849 0.299188
0.085 0.299358
0.0851 0.299652
0.0852 0.300035
0.0853 0.30003
0.0854 0.300302
0.0855 0.300703
0.0856 0.301086
0.0857 0.301593
0.0858 0.301887
0.0859 0.30225
0.086 0.302557
0.0861 0.302885
0.0862 0.303139
0.0863 0.303451
0.0864 0.303886
0.0865 0.304154
0.0866 0.30456
0.0867 0.304688
0.0868 0.304957
0.0869 0.305453
0.087 0.305633
0.0871 0.306243
0.0872 0.306362
0.0873 0.306759
0.0874 0.306767
0.0875 0.306874
0.0876 0.307252
0.0877 0.307757
0.0878 0.308147
0.0879 0.308557
0.088 0.308658
0.0881 0.308803
0.0882 0.309025
0.0883 0.309498
0.0884 0.309861
0.0885 0.309984
0.0886 0.310106
0.0887 0.310258
0.0888 0.310621
0.0889 0.31106
0.089 0.311367
0.0891 0.311665
0.0892 0.312063
0.0893 0.312473
0.0894 0.312723
0.0895 0.312753
0.0896 0.312996
0.0897 0.313281
0.0898 0.313367
0.0899 0.313586
0.09 0.313707
0.0901 0.314202
0.0902 0.314583
0.0903 0.314837
0.0904 0.315201
0.0905 0.315584
0.0906 0.31579
0.0907 0.316018
0.0908 0.316278
0.0909 0.3169
0.091 0.317375
0.0911 0.317862
0.0912 0.318169
0.0913 0.318174
0.0914 0.318542
0.0915 0.318725
0.0916 0.319097
0.0917 0.31945
0.0918 0.319806
0.0919 0.320243
0.092 0.320685
0.0921 0.321046
0.0922 0.321089
0.0923 0.321635
0.0924 0.322199
0.0925 0.322539
0.0926 0.322738
0.0927 0.323166
0.0928 0.323531
0.0929 0.32375
0.093 0.324389
0.0931 0.324846
0.0932 0.325358
0.0933 0.325582
0.0934 0.325792
0.0935 0.326147
0.0936 0.326502
0.0937 0.326788
0.0938 0.327067
0.0939 0.327484
0.094 0.327741
0.0941 0.328349
0.0942 0.328643
0.0943 0.329047
0.0944 0.329315
0.0945 0.329602
0.0946 0.329965
0.0947 0.330604
0.0948 0.33088
0.0949 0.331239
0.095 0.331476
0.0951 0.331885
0.0952 0.332191
0.0953 0.332628
0.0954 0.333242
0.0955 0.333791
0.0956 0.334318
0.0957 0.334776
0.0958 0.335223
0.0959 0.335559
0.096 0.335675
0.0961 0.336273
0.0962 0.336328
0.0963 0.336872
0.0964 0.337176
0.0965 0.337498
0.0966 0.337709
0.0967 0.337941
0.0968 0.338309
0.0969 0.338725
0.097 0.339534
0.0971 0.340041
0.0972 0.340305
0.0973 0.340347
0.0974 0.340858
0.0975 0.341241
0.0976 0.341638
0.0977 0.341809
0.0978 0.342245
0.0979 0.342436
0.098 0.342751
0.0981 0.34294
0.0982 0.343161
0.0983 0.343591
0.0984 0.343937
0.0985 0.344055
0.0986 0.344432
0.0987 0.344948
0.0988 0.345546
0.0989 0.34595
0.099 0.346086
0.0991 0.346071
0.0992 0.346359
0.0993 0.346764
0.0994 0.347142
0.0995 0.347237
0.0996 0.347286
0.0997 0.347928
0.0998 0.348442
0.0999 0.348664
0.1 0.348764
0.1001 0.348752
0.1002 0.348955
0.1003 0.349221
0.1004 0.349634
0.1005 0.350043
0.1006 0.350357
0.1007 0.350829
0.1008 0.350982
0.1009 0.351102
0.101 0.351307
0.1011 0.351648
0.1012 0.351877
0.1013 0.351996
0.1014 0.352235
0.1015 0.352494
0.1016 0.352996
0.1017 0.35354
0.1018 0.353693
0.1019 0.354124
0.102 0.354541
0.1021 0.354873
0.1022 0.355231
0.1023 0.355757
0.1024 0.356099
0.1025 0.356406
0.1026 0.356655
0.1027 0.356937
0.1028 0.357066
0.1029 0.357314
0.103 0.357535
0.1031 0.357927
0.1032 0.358116
0.1033 0.358199
0.1034 0.358664
0.1035 0.358934
0.1036 0.359116
0.1037 0.359368
0.1038 0.359618
0.1039 0.359805
0.104 0.360212
0.1041 0.360464
0.1042 0.360721
0.1043 0.36099
0.1044 0.361025
0.1045 0.361388
0.1046 0.361987
0.1047 0.362316
0.1048 0.362765
0.1049 0.363038
0.105 0.363499
0.1051 0.363779
0.1052 0.363993
0.1053 0.364386
0.1054 0.364974
0.1055 0.365213
0.1056 0.365547
0.1057 0.3659
0.1058 0.36629
0.1059 0.366817
0.106 0.367262
0.1061 0.367295
0.1062 0.367736
0.1063 0.368037
0.1064 0.368382
0.1065 0.369093
0.1066 0.369549
0.1067 0.369602
0.1068 0.369731
0.1069 0.370106
0.107 0.370344
0.1071 0.370366
0.1072 0.370603
0.1073 0.370948
0.1074 0.371395
0.1075 0.37181
0.1076 0.372163
0.1077 0.3726
0.1078 0.372851
0.1079 0.373299
0.108 0.373502
0.1081 0.373685
0.1082 0.37395
0.1083 0.374117
0.1084 0.374482
0.1085 0.374843
0.1086 0.375164
0.1087 0.375513
0.1088 0.3759
0.1089 0.376467
0.109 0.37674
0.1091 0.377271
0.1092 0.377639
0.1093 0.378234
0.1094 0.378756
0.1095 0.379138
0.1096 0.379265
0.1097 0.379295
0.1098 0.379699
0.1099 0.380296
0.11 0.380604
0.1101 0.380721
0.1102 0.381098
0.1103 0.381735
0.1104 0.382086
0.1105 0.382717
0.1106 0.382969
0.1107 0.383495
0.1108 0.383701
0.1109 0.383872
0.111 0.384373
0.1111 0.384807
0.1112 0.385139
0.1113 0.385301
0.1114 0.385591
0.1115 0.385926
